(kicad_pcb (version 20171130) (host pcbnew 5.0.2+dfsg1-1)

  (general
    (thickness 1.6)
    (drawings 0)
    (tracks 161)
    (zones 0)
    (modules 22)
    (nets 16)
  )

  (page A4)
  (layers
    (0 F.Cu signal)
    (31 B.Cu signal)
    (32 B.Adhes user)
    (33 F.Adhes user)
    (34 B.Paste user)
    (35 F.Paste user)
    (36 B.SilkS user)
    (37 F.SilkS user)
    (38 B.Mask user)
    (39 F.Mask user)
    (40 Dwgs.User user)
    (41 Cmts.User user)
    (42 Eco1.User user)
    (43 Eco2.User user)
    (44 Edge.Cuts user)
    (45 Margin user)
    (46 B.CrtYd user)
    (47 F.CrtYd user)
    (48 B.Fab user)
    (49 F.Fab user)
  )

  (setup
    (last_trace_width 0.25)
    (trace_clearance 0.2)
    (zone_clearance 0.508)
    (zone_45_only no)
    (trace_min 0.2)
    (segment_width 0.2)
    (edge_width 0.1)
    (via_size 0.8)
    (via_drill 0.4)
    (via_min_size 0.4)
    (via_min_drill 0.3)
    (uvia_size 0.3)
    (uvia_drill 0.1)
    (uvias_allowed no)
    (uvia_min_size 0.2)
    (uvia_min_drill 0.1)
    (pcb_text_width 0.3)
    (pcb_text_size 1.5 1.5)
    (mod_edge_width 0.15)
    (mod_text_size 1 1)
    (mod_text_width 0.15)
    (pad_size 1.5 1.5)
    (pad_drill 0.6)
    (pad_to_mask_clearance 0)
    (solder_mask_min_width 0.25)
    (aux_axis_origin 0 0)
    (visible_elements FFFDFF7F)
    (pcbplotparams
      (layerselection 0x010fc_ffffffff)
      (usegerberextensions false)
      (usegerberattributes false)
      (usegerberadvancedattributes false)
      (creategerberjobfile false)
      (excludeedgelayer true)
      (linewidth 0.100000)
      (plotframeref false)
      (viasonmask false)
      (mode 1)
      (useauxorigin false)
      (hpglpennumber 1)
      (hpglpenspeed 20)
      (hpglpendiameter 15.000000)
      (psnegative false)
      (psa4output false)
      (plotreference true)
      (plotvalue true)
      (plotinvisibletext false)
      (padsonsilk false)
      (subtractmaskfromsilk false)
      (outputformat 1)
      (mirror false)
      (drillshape 1)
      (scaleselection 1)
      (outputdirectory ""))
  )

  (net 0 "")
  (net 1 GND)
  (net 2 "Net-(L1-Pad1)")
  (net 3 "Net-(C6-Pad1)")
  (net 4 "Net-(D1-Pad2)")
  (net 5 "Net-(J2-Pad2)")
  (net 6 Vref)
  (net 7 "Net-(R6-Pad2)")
  (net 8 "Net-(R1-Pad1)")
  (net 9 "Net-(R7-Pad1)")
  (net 10 /Vswitch)
  (net 11 /Vin)
  (net 12 /Vfb)
  (net 13 "Net-(U2-Pad6)")
  (net 14 /Ven)
  (net 15 "Net-(U2-Pad1)")

  (net_class Default "This is the default net class."
    (clearance 0.2)
    (trace_width 0.25)
    (via_dia 0.8)
    (via_drill 0.4)
    (uvia_dia 0.3)
    (uvia_drill 0.1)
    (add_net /Ven)
    (add_net /Vfb)
    (add_net /Vin)
    (add_net /Vswitch)
    (add_net GND)
    (add_net "Net-(C6-Pad1)")
    (add_net "Net-(D1-Pad2)")
    (add_net "Net-(J2-Pad2)")
    (add_net "Net-(L1-Pad1)")
    (add_net "Net-(R1-Pad1)")
    (add_net "Net-(R6-Pad2)")
    (add_net "Net-(R7-Pad1)")
    (add_net "Net-(U2-Pad1)")
    (add_net "Net-(U2-Pad6)")
    (add_net Vref)
  )

  (module ledcont:P091_S (layer F.Cu) (tedit 5C47D6E5) (tstamp 5C483C4E)
    (at 119.9 73 180)
    (path /5C458CC6)
    (fp_text reference RV1 (at 0 7 180) (layer F.SilkS)
      (effects (font (size 1 1) (thickness 0.15)))
    )
    (fp_text value 10k (at 0 -0.5 180) (layer F.Fab)
      (effects (font (size 1 1) (thickness 0.15)))
    )
    (fp_line (start 5.25 15.25) (end 5.25 2.25) (layer F.CrtYd) (width 0.1))
    (fp_line (start -5.25 15.25) (end 5.25 15.25) (layer F.CrtYd) (width 0.1))
    (fp_line (start -5.25 2.25) (end -5.25 15.25) (layer F.CrtYd) (width 0.1))
    (fp_line (start 5.25 2.25) (end -5.25 2.25) (layer F.CrtYd) (width 0.1))
    (fp_line (start 5 2.5) (end 5 15) (layer F.SilkS) (width 0.15))
    (fp_line (start -5 2.5) (end 5 2.5) (layer F.SilkS) (width 0.15))
    (fp_line (start -5 15) (end -5 2.5) (layer F.SilkS) (width 0.15))
    (fp_line (start 5 15) (end -5 15) (layer F.SilkS) (width 0.15))
    (pad 5 thru_hole circle (at 2.5 3.75 180) (size 1.75 1.75) (drill 1.1) (layers *.Cu *.Mask)
      (net 11 /Vin))
    (pad 4 thru_hole circle (at -2.5 3.75 180) (size 1.75 1.75) (drill 1.1) (layers *.Cu *.Mask)
      (net 10 /Vswitch))
    (pad 3 thru_hole circle (at 2.5 10 180) (size 1.75 1.75) (drill 1.1) (layers *.Cu *.Mask)
      (net 1 GND))
    (pad 2 thru_hole circle (at 0 10 180) (size 1.75 1.75) (drill 1.1) (layers *.Cu *.Mask)
      (net 1 GND))
    (pad 1 thru_hole circle (at -2.5 10 180) (size 1.75 1.75) (drill 1.1) (layers *.Cu *.Mask)
      (net 7 "Net-(R6-Pad2)"))
  )

  (module ledcont:TSOT25 (layer F.Cu) (tedit 5C469545) (tstamp 5C483E41)
    (at 119.904 83.582 270)
    (path /5C47623A)
    (attr smd)
    (fp_text reference U1 (at -2.8 0) (layer F.SilkS)
      (effects (font (size 1 1) (thickness 0.15)))
    )
    (fp_text value PAM2804 (at 0 0 270) (layer F.Fab)
      (effects (font (size 1 1) (thickness 0.15)))
    )
    (fp_line (start -1.8 2.1) (end -1.8 -2.0995) (layer F.SilkS) (width 0.15))
    (fp_line (start -1.8 -2.0995) (end 1.8 -2.0995) (layer F.SilkS) (width 0.15))
    (fp_line (start 1.8 -2.0995) (end 1.8 2.0995) (layer F.SilkS) (width 0.15))
    (fp_line (start 1.8 2.0995) (end -1.8 2.1) (layer F.SilkS) (width 0.15))
    (fp_line (start -1.95 -2.25) (end 1.95 -2.25) (layer F.CrtYd) (width 0.05))
    (fp_line (start 1.95 -2.25) (end 1.95 2.25) (layer F.CrtYd) (width 0.05))
    (fp_line (start 1.95 2.25) (end -1.95 2.25) (layer F.CrtYd) (width 0.05))
    (fp_line (start -1.95 2.25) (end -1.95 -2.25) (layer F.CrtYd) (width 0.05))
    (pad 5 smd rect (at -0.95 -1.0995 270) (size 0.7 1) (layers F.Cu F.Paste F.Mask)
      (net 12 /Vfb))
    (pad 1 smd rect (at -0.95 1.0995 270) (size 0.7 1) (layers F.Cu F.Paste F.Mask)
      (net 14 /Ven))
    (pad 2 smd rect (at 0 1.0995 270) (size 0.7 1) (layers F.Cu F.Paste F.Mask)
      (net 1 GND))
    (pad 4 smd rect (at 0.95 -1.0995 270) (size 0.7 1) (layers F.Cu F.Paste F.Mask)
      (net 11 /Vin))
    (pad 3 smd rect (at 0.95 1.0995 270) (size 0.7 1) (layers F.Cu F.Paste F.Mask)
      (net 2 "Net-(L1-Pad1)"))
  )

  (module Capacitor_SMD:C_1206_3216Metric_Pad1.42x1.75mm_HandSolder (layer B.Cu) (tedit 5B301BBE) (tstamp 5C4839D0)
    (at 118.65 75.073 90)
    (descr "Capacitor SMD 1206 (3216 Metric), square (rectangular) end terminal, IPC_7351 nominal with elongated pad for handsoldering. (Body size source: http://www.tortai-tech.com/upload/download/2011102023233369053.pdf), generated with kicad-footprint-generator")
    (tags "capacitor handsolder")
    (path /5C5F10E6)
    (attr smd)
    (fp_text reference C4 (at 0 1.82 90) (layer B.SilkS)
      (effects (font (size 1 1) (thickness 0.15)) (justify mirror))
    )
    (fp_text value .1uF (at 0 -1.82 90) (layer B.Fab)
      (effects (font (size 1 1) (thickness 0.15)) (justify mirror))
    )
    (fp_text user %R (at 0 0 90) (layer B.Fab)
      (effects (font (size 0.8 0.8) (thickness 0.12)) (justify mirror))
    )
    (fp_line (start 2.45 -1.12) (end -2.45 -1.12) (layer B.CrtYd) (width 0.05))
    (fp_line (start 2.45 1.12) (end 2.45 -1.12) (layer B.CrtYd) (width 0.05))
    (fp_line (start -2.45 1.12) (end 2.45 1.12) (layer B.CrtYd) (width 0.05))
    (fp_line (start -2.45 -1.12) (end -2.45 1.12) (layer B.CrtYd) (width 0.05))
    (fp_line (start -0.602064 -0.91) (end 0.602064 -0.91) (layer B.SilkS) (width 0.12))
    (fp_line (start -0.602064 0.91) (end 0.602064 0.91) (layer B.SilkS) (width 0.12))
    (fp_line (start 1.6 -0.8) (end -1.6 -0.8) (layer B.Fab) (width 0.1))
    (fp_line (start 1.6 0.8) (end 1.6 -0.8) (layer B.Fab) (width 0.1))
    (fp_line (start -1.6 0.8) (end 1.6 0.8) (layer B.Fab) (width 0.1))
    (fp_line (start -1.6 -0.8) (end -1.6 0.8) (layer B.Fab) (width 0.1))
    (pad 2 smd roundrect (at 1.4875 0 90) (size 1.425 1.75) (layers B.Cu B.Paste B.Mask) (roundrect_rratio 0.175439)
      (net 1 GND))
    (pad 1 smd roundrect (at -1.4875 0 90) (size 1.425 1.75) (layers B.Cu B.Paste B.Mask) (roundrect_rratio 0.175439)
      (net 10 /Vswitch))
    (model ${KISYS3DMOD}/Capacitor_SMD.3dshapes/C_1206_3216Metric.wrl
      (at (xyz 0 0 0))
      (scale (xyz 1 1 1))
      (rotate (xyz 0 0 0))
    )
  )

  (module Package_SO:SOIC-16_3.9x9.9mm_P1.27mm (layer F.Cu) (tedit 5A02F2D3) (tstamp 5C483BCA)
    (at 119.904 75.073 90)
    (descr "16-Lead Plastic Small Outline (SL) - Narrow, 3.90 mm Body [SOIC] (see Microchip Packaging Specification 00000049BS.pdf)")
    (tags "SOIC 1.27")
    (path /5C4640C2)
    (attr smd)
    (fp_text reference U2 (at 0 -6 90) (layer F.SilkS)
      (effects (font (size 1 1) (thickness 0.15)))
    )
    (fp_text value TSM102A (at 0 6 90) (layer F.Fab)
      (effects (font (size 1 1) (thickness 0.15)))
    )
    (fp_line (start -2.075 -5.05) (end -3.45 -5.05) (layer F.SilkS) (width 0.15))
    (fp_line (start -2.075 5.075) (end 2.075 5.075) (layer F.SilkS) (width 0.15))
    (fp_line (start -2.075 -5.075) (end 2.075 -5.075) (layer F.SilkS) (width 0.15))
    (fp_line (start -2.075 5.075) (end -2.075 4.97) (layer F.SilkS) (width 0.15))
    (fp_line (start 2.075 5.075) (end 2.075 4.97) (layer F.SilkS) (width 0.15))
    (fp_line (start 2.075 -5.075) (end 2.075 -4.97) (layer F.SilkS) (width 0.15))
    (fp_line (start -2.075 -5.075) (end -2.075 -5.05) (layer F.SilkS) (width 0.15))
    (fp_line (start -3.7 5.25) (end 3.7 5.25) (layer F.CrtYd) (width 0.05))
    (fp_line (start -3.7 -5.25) (end 3.7 -5.25) (layer F.CrtYd) (width 0.05))
    (fp_line (start 3.7 -5.25) (end 3.7 5.25) (layer F.CrtYd) (width 0.05))
    (fp_line (start -3.7 -5.25) (end -3.7 5.25) (layer F.CrtYd) (width 0.05))
    (fp_line (start -1.95 -3.95) (end -0.95 -4.95) (layer F.Fab) (width 0.15))
    (fp_line (start -1.95 4.95) (end -1.95 -3.95) (layer F.Fab) (width 0.15))
    (fp_line (start 1.95 4.95) (end -1.95 4.95) (layer F.Fab) (width 0.15))
    (fp_line (start 1.95 -4.95) (end 1.95 4.95) (layer F.Fab) (width 0.15))
    (fp_line (start -0.95 -4.95) (end 1.95 -4.95) (layer F.Fab) (width 0.15))
    (fp_text user %R (at 0 0 90) (layer F.Fab)
      (effects (font (size 0.9 0.9) (thickness 0.135)))
    )
    (pad 16 smd rect (at 2.7 -4.445 90) (size 1.5 0.6) (layers F.Cu F.Paste F.Mask)
      (net 14 /Ven))
    (pad 15 smd rect (at 2.7 -3.175 90) (size 1.5 0.6) (layers F.Cu F.Paste F.Mask)
      (net 6 Vref))
    (pad 14 smd rect (at 2.7 -1.905 90) (size 1.5 0.6) (layers F.Cu F.Paste F.Mask)
      (net 10 /Vswitch))
    (pad 13 smd rect (at 2.7 -0.635 90) (size 1.5 0.6) (layers F.Cu F.Paste F.Mask)
      (net 1 GND))
    (pad 12 smd rect (at 2.7 0.635 90) (size 1.5 0.6) (layers F.Cu F.Paste F.Mask)
      (net 7 "Net-(R6-Pad2)"))
    (pad 11 smd rect (at 2.7 1.905 90) (size 1.5 0.6) (layers F.Cu F.Paste F.Mask)
      (net 9 "Net-(R7-Pad1)"))
    (pad 10 smd rect (at 2.7 3.175 90) (size 1.5 0.6) (layers F.Cu F.Paste F.Mask)
      (net 9 "Net-(R7-Pad1)"))
    (pad 9 smd rect (at 2.7 4.445 90) (size 1.5 0.6) (layers F.Cu F.Paste F.Mask)
      (net 6 Vref))
    (pad 8 smd rect (at -2.7 4.445 90) (size 1.5 0.6) (layers F.Cu F.Paste F.Mask)
      (net 8 "Net-(R1-Pad1)"))
    (pad 7 smd rect (at -2.7 3.175 90) (size 1.5 0.6) (layers F.Cu F.Paste F.Mask)
      (net 13 "Net-(U2-Pad6)"))
    (pad 6 smd rect (at -2.7 1.905 90) (size 1.5 0.6) (layers F.Cu F.Paste F.Mask)
      (net 13 "Net-(U2-Pad6)"))
    (pad 5 smd rect (at -2.7 0.635 90) (size 1.5 0.6) (layers F.Cu F.Paste F.Mask)
      (net 7 "Net-(R6-Pad2)"))
    (pad 4 smd rect (at -2.7 -0.635 90) (size 1.5 0.6) (layers F.Cu F.Paste F.Mask)
      (net 10 /Vswitch))
    (pad 3 smd rect (at -2.7 -1.905 90) (size 1.5 0.6) (layers F.Cu F.Paste F.Mask)
      (net 1 GND))
    (pad 2 smd rect (at -2.7 -3.175 90) (size 1.5 0.6) (layers F.Cu F.Paste F.Mask)
      (net 1 GND))
    (pad 1 smd rect (at -2.7 -4.445 90) (size 1.5 0.6) (layers F.Cu F.Paste F.Mask)
      (net 15 "Net-(U2-Pad1)"))
    (model ${KISYS3DMOD}/Package_SO.3dshapes/SOIC-16_3.9x9.9mm_P1.27mm.wrl
      (at (xyz 0 0 0))
      (scale (xyz 1 1 1))
      (rotate (xyz 0 0 0))
    )
  )

  (module TerminalBlock_Phoenix:TerminalBlock_Phoenix_PT-1,5-2-3.5-H_1x02_P3.50mm_Horizontal (layer F.Cu) (tedit 5B294F3F) (tstamp 5C483A19)
    (at 113.046 89.678)
    (descr "Terminal Block Phoenix PT-1,5-2-3.5-H, 2 pins, pitch 3.5mm, size 7x7.6mm^2, drill diamater 1.2mm, pad diameter 2.4mm, see , script-generated using https://github.com/pointhi/kicad-footprint-generator/scripts/TerminalBlock_Phoenix")
    (tags "THT Terminal Block Phoenix PT-1,5-2-3.5-H pitch 3.5mm size 7x7.6mm^2 drill 1.2mm pad 2.4mm")
    (path /5C3990C6)
    (fp_text reference J1 (at 1.75 -4.16) (layer F.SilkS)
      (effects (font (size 1 1) (thickness 0.15)))
    )
    (fp_text value Screw_Terminal_01x02 (at 1.75 5.56) (layer F.Fab)
      (effects (font (size 1 1) (thickness 0.15)))
    )
    (fp_arc (start 0 0) (end 0 1.68) (angle -32) (layer F.SilkS) (width 0.12))
    (fp_arc (start 0 0) (end 1.425 0.891) (angle -64) (layer F.SilkS) (width 0.12))
    (fp_arc (start 0 0) (end 0.866 -1.44) (angle -63) (layer F.SilkS) (width 0.12))
    (fp_arc (start 0 0) (end -1.44 -0.866) (angle -63) (layer F.SilkS) (width 0.12))
    (fp_arc (start 0 0) (end -0.866 1.44) (angle -32) (layer F.SilkS) (width 0.12))
    (fp_circle (center 0 0) (end 1.5 0) (layer F.Fab) (width 0.1))
    (fp_circle (center 3.5 0) (end 5 0) (layer F.Fab) (width 0.1))
    (fp_circle (center 3.5 0) (end 5.18 0) (layer F.SilkS) (width 0.12))
    (fp_line (start -1.75 -3.1) (end 5.25 -3.1) (layer F.Fab) (width 0.1))
    (fp_line (start 5.25 -3.1) (end 5.25 4.5) (layer F.Fab) (width 0.1))
    (fp_line (start 5.25 4.5) (end -1.35 4.5) (layer F.Fab) (width 0.1))
    (fp_line (start -1.35 4.5) (end -1.75 4.1) (layer F.Fab) (width 0.1))
    (fp_line (start -1.75 4.1) (end -1.75 -3.1) (layer F.Fab) (width 0.1))
    (fp_line (start -1.75 4.1) (end 5.25 4.1) (layer F.Fab) (width 0.1))
    (fp_line (start -1.81 4.1) (end 5.31 4.1) (layer F.SilkS) (width 0.12))
    (fp_line (start -1.75 3) (end 5.25 3) (layer F.Fab) (width 0.1))
    (fp_line (start -1.81 3) (end 5.31 3) (layer F.SilkS) (width 0.12))
    (fp_line (start -1.81 -3.16) (end 5.31 -3.16) (layer F.SilkS) (width 0.12))
    (fp_line (start -1.81 4.56) (end 5.31 4.56) (layer F.SilkS) (width 0.12))
    (fp_line (start -1.81 -3.16) (end -1.81 4.56) (layer F.SilkS) (width 0.12))
    (fp_line (start 5.31 -3.16) (end 5.31 4.56) (layer F.SilkS) (width 0.12))
    (fp_line (start 1.138 -0.955) (end -0.955 1.138) (layer F.Fab) (width 0.1))
    (fp_line (start 0.955 -1.138) (end -1.138 0.955) (layer F.Fab) (width 0.1))
    (fp_line (start 4.638 -0.955) (end 2.546 1.138) (layer F.Fab) (width 0.1))
    (fp_line (start 4.455 -1.138) (end 2.363 0.955) (layer F.Fab) (width 0.1))
    (fp_line (start 4.775 -1.069) (end 4.646 -0.941) (layer F.SilkS) (width 0.12))
    (fp_line (start 2.525 1.181) (end 2.431 1.274) (layer F.SilkS) (width 0.12))
    (fp_line (start 4.57 -1.275) (end 4.476 -1.181) (layer F.SilkS) (width 0.12))
    (fp_line (start 2.355 0.941) (end 2.226 1.069) (layer F.SilkS) (width 0.12))
    (fp_line (start -2.05 4.16) (end -2.05 4.8) (layer F.SilkS) (width 0.12))
    (fp_line (start -2.05 4.8) (end -1.65 4.8) (layer F.SilkS) (width 0.12))
    (fp_line (start -2.25 -3.6) (end -2.25 5) (layer F.CrtYd) (width 0.05))
    (fp_line (start -2.25 5) (end 5.75 5) (layer F.CrtYd) (width 0.05))
    (fp_line (start 5.75 5) (end 5.75 -3.6) (layer F.CrtYd) (width 0.05))
    (fp_line (start 5.75 -3.6) (end -2.25 -3.6) (layer F.CrtYd) (width 0.05))
    (fp_text user %R (at 1.75 2.4) (layer F.Fab)
      (effects (font (size 1 1) (thickness 0.15)))
    )
    (pad 1 thru_hole rect (at 0 0) (size 2.4 2.4) (drill 1.2) (layers *.Cu *.Mask)
      (net 4 "Net-(D1-Pad2)"))
    (pad 2 thru_hole circle (at 3.5 0) (size 2.4 2.4) (drill 1.2) (layers *.Cu *.Mask)
      (net 1 GND))
    (model ${KISYS3DMOD}/TerminalBlock_Phoenix.3dshapes/TerminalBlock_Phoenix_PT-1,5-2-3.5-H_1x02_P3.50mm_Horizontal.wrl
      (at (xyz 0 0 0))
      (scale (xyz 1 1 1))
      (rotate (xyz 0 0 0))
    )
  )

  (module Diode_SMD:D_SOD-123F (layer F.Cu) (tedit 587F7769) (tstamp 5C483B43)
    (at 113.8 83.43 270)
    (descr D_SOD-123F)
    (tags D_SOD-123F)
    (path /5C4FE67B)
    (attr smd)
    (fp_text reference D1 (at -0.127 -1.905 270) (layer F.SilkS)
      (effects (font (size 1 1) (thickness 0.15)))
    )
    (fp_text value D_Schottky (at 0 2.1 270) (layer F.Fab)
      (effects (font (size 1 1) (thickness 0.15)))
    )
    (fp_text user %R (at -0.127 -1.905 270) (layer F.Fab)
      (effects (font (size 1 1) (thickness 0.15)))
    )
    (fp_line (start -2.2 -1) (end -2.2 1) (layer F.SilkS) (width 0.12))
    (fp_line (start 0.25 0) (end 0.75 0) (layer F.Fab) (width 0.1))
    (fp_line (start 0.25 0.4) (end -0.35 0) (layer F.Fab) (width 0.1))
    (fp_line (start 0.25 -0.4) (end 0.25 0.4) (layer F.Fab) (width 0.1))
    (fp_line (start -0.35 0) (end 0.25 -0.4) (layer F.Fab) (width 0.1))
    (fp_line (start -0.35 0) (end -0.35 0.55) (layer F.Fab) (width 0.1))
    (fp_line (start -0.35 0) (end -0.35 -0.55) (layer F.Fab) (width 0.1))
    (fp_line (start -0.75 0) (end -0.35 0) (layer F.Fab) (width 0.1))
    (fp_line (start -1.4 0.9) (end -1.4 -0.9) (layer F.Fab) (width 0.1))
    (fp_line (start 1.4 0.9) (end -1.4 0.9) (layer F.Fab) (width 0.1))
    (fp_line (start 1.4 -0.9) (end 1.4 0.9) (layer F.Fab) (width 0.1))
    (fp_line (start -1.4 -0.9) (end 1.4 -0.9) (layer F.Fab) (width 0.1))
    (fp_line (start -2.2 -1.15) (end 2.2 -1.15) (layer F.CrtYd) (width 0.05))
    (fp_line (start 2.2 -1.15) (end 2.2 1.15) (layer F.CrtYd) (width 0.05))
    (fp_line (start 2.2 1.15) (end -2.2 1.15) (layer F.CrtYd) (width 0.05))
    (fp_line (start -2.2 -1.15) (end -2.2 1.15) (layer F.CrtYd) (width 0.05))
    (fp_line (start -2.2 1) (end 1.65 1) (layer F.SilkS) (width 0.12))
    (fp_line (start -2.2 -1) (end 1.65 -1) (layer F.SilkS) (width 0.12))
    (pad 1 smd rect (at -1.4 0 270) (size 1.1 1.1) (layers F.Cu F.Paste F.Mask)
      (net 11 /Vin))
    (pad 2 smd rect (at 1.4 0 270) (size 1.1 1.1) (layers F.Cu F.Paste F.Mask)
      (net 4 "Net-(D1-Pad2)"))
    (model ${KISYS3DMOD}/Diode_SMD.3dshapes/D_SOD-123F.wrl
      (at (xyz 0 0 0))
      (scale (xyz 1 1 1))
      (rotate (xyz 0 0 0))
    )
  )

  (module Resistor_SMD:R_1206_3216Metric_Pad1.42x1.75mm_HandSolder (layer B.Cu) (tedit 5B301BBD) (tstamp 5C483ADB)
    (at 119.904 88.528 270)
    (descr "Resistor SMD 1206 (3216 Metric), square (rectangular) end terminal, IPC_7351 nominal with elongated pad for handsoldering. (Body size source: http://www.tortai-tech.com/upload/download/2011102023233369053.pdf), generated with kicad-footprint-generator")
    (tags "resistor handsolder")
    (path /5C392C2B)
    (attr smd)
    (fp_text reference R8 (at 0 1.82 270) (layer B.SilkS)
      (effects (font (size 1 1) (thickness 0.15)) (justify mirror))
    )
    (fp_text value 1k (at 0 -1.82 270) (layer B.Fab)
      (effects (font (size 1 1) (thickness 0.15)) (justify mirror))
    )
    (fp_line (start -1.6 -0.8) (end -1.6 0.8) (layer B.Fab) (width 0.1))
    (fp_line (start -1.6 0.8) (end 1.6 0.8) (layer B.Fab) (width 0.1))
    (fp_line (start 1.6 0.8) (end 1.6 -0.8) (layer B.Fab) (width 0.1))
    (fp_line (start 1.6 -0.8) (end -1.6 -0.8) (layer B.Fab) (width 0.1))
    (fp_line (start -0.602064 0.91) (end 0.602064 0.91) (layer B.SilkS) (width 0.12))
    (fp_line (start -0.602064 -0.91) (end 0.602064 -0.91) (layer B.SilkS) (width 0.12))
    (fp_line (start -2.45 -1.12) (end -2.45 1.12) (layer B.CrtYd) (width 0.05))
    (fp_line (start -2.45 1.12) (end 2.45 1.12) (layer B.CrtYd) (width 0.05))
    (fp_line (start 2.45 1.12) (end 2.45 -1.12) (layer B.CrtYd) (width 0.05))
    (fp_line (start 2.45 -1.12) (end -2.45 -1.12) (layer B.CrtYd) (width 0.05))
    (fp_text user %R (at 0.822 0.054 270) (layer B.Fab)
      (effects (font (size 0.8 0.8) (thickness 0.12)) (justify mirror))
    )
    (pad 1 smd roundrect (at -1.4875 0 270) (size 1.425 1.75) (layers B.Cu B.Paste B.Mask) (roundrect_rratio 0.175439)
      (net 12 /Vfb))
    (pad 2 smd roundrect (at 1.4875 0 270) (size 1.425 1.75) (layers B.Cu B.Paste B.Mask) (roundrect_rratio 0.175439)
      (net 5 "Net-(J2-Pad2)"))
    (model ${KISYS3DMOD}/Resistor_SMD.3dshapes/R_1206_3216Metric.wrl
      (at (xyz 0 0 0))
      (scale (xyz 1 1 1))
      (rotate (xyz 0 0 0))
    )
  )

  (module Capacitor_SMD:C_1206_3216Metric_Pad1.42x1.75mm_HandSolder (layer B.Cu) (tedit 5B301BBE) (tstamp 5C483A7B)
    (at 113.8175 84.505)
    (descr "Capacitor SMD 1206 (3216 Metric), square (rectangular) end terminal, IPC_7351 nominal with elongated pad for handsoldering. (Body size source: http://www.tortai-tech.com/upload/download/2011102023233369053.pdf), generated with kicad-footprint-generator")
    (tags "capacitor handsolder")
    (path /5C508752)
    (attr smd)
    (fp_text reference C1 (at 0 1.82) (layer B.SilkS)
      (effects (font (size 1 1) (thickness 0.15)) (justify mirror))
    )
    (fp_text value 10uF (at 0 -1.82) (layer B.Fab)
      (effects (font (size 1 1) (thickness 0.15)) (justify mirror))
    )
    (fp_text user %R (at 0 0) (layer B.Fab)
      (effects (font (size 0.8 0.8) (thickness 0.12)) (justify mirror))
    )
    (fp_line (start 2.45 -1.12) (end -2.45 -1.12) (layer B.CrtYd) (width 0.05))
    (fp_line (start 2.45 1.12) (end 2.45 -1.12) (layer B.CrtYd) (width 0.05))
    (fp_line (start -2.45 1.12) (end 2.45 1.12) (layer B.CrtYd) (width 0.05))
    (fp_line (start -2.45 -1.12) (end -2.45 1.12) (layer B.CrtYd) (width 0.05))
    (fp_line (start -0.602064 -0.91) (end 0.602064 -0.91) (layer B.SilkS) (width 0.12))
    (fp_line (start -0.602064 0.91) (end 0.602064 0.91) (layer B.SilkS) (width 0.12))
    (fp_line (start 1.6 -0.8) (end -1.6 -0.8) (layer B.Fab) (width 0.1))
    (fp_line (start 1.6 0.8) (end 1.6 -0.8) (layer B.Fab) (width 0.1))
    (fp_line (start -1.6 0.8) (end 1.6 0.8) (layer B.Fab) (width 0.1))
    (fp_line (start -1.6 -0.8) (end -1.6 0.8) (layer B.Fab) (width 0.1))
    (pad 2 smd roundrect (at 1.4875 0) (size 1.425 1.75) (layers B.Cu B.Paste B.Mask) (roundrect_rratio 0.175439)
      (net 1 GND))
    (pad 1 smd roundrect (at -1.4875 0) (size 1.425 1.75) (layers B.Cu B.Paste B.Mask) (roundrect_rratio 0.175439)
      (net 11 /Vin))
    (model ${KISYS3DMOD}/Capacitor_SMD.3dshapes/C_1206_3216Metric.wrl
      (at (xyz 0 0 0))
      (scale (xyz 1 1 1))
      (rotate (xyz 0 0 0))
    )
  )

  (module Capacitor_SMD:C_1206_3216Metric_Pad1.42x1.75mm_HandSolder (layer B.Cu) (tedit 5B301BBE) (tstamp 5C483B0B)
    (at 113.8175 81.948)
    (descr "Capacitor SMD 1206 (3216 Metric), square (rectangular) end terminal, IPC_7351 nominal with elongated pad for handsoldering. (Body size source: http://www.tortai-tech.com/upload/download/2011102023233369053.pdf), generated with kicad-footprint-generator")
    (tags "capacitor handsolder")
    (path /5C50882D)
    (attr smd)
    (fp_text reference C2 (at 0 1.82) (layer B.SilkS)
      (effects (font (size 1 1) (thickness 0.15)) (justify mirror))
    )
    (fp_text value 1uF (at 0 -1.82) (layer B.Fab)
      (effects (font (size 1 1) (thickness 0.15)) (justify mirror))
    )
    (fp_line (start -1.6 -0.8) (end -1.6 0.8) (layer B.Fab) (width 0.1))
    (fp_line (start -1.6 0.8) (end 1.6 0.8) (layer B.Fab) (width 0.1))
    (fp_line (start 1.6 0.8) (end 1.6 -0.8) (layer B.Fab) (width 0.1))
    (fp_line (start 1.6 -0.8) (end -1.6 -0.8) (layer B.Fab) (width 0.1))
    (fp_line (start -0.602064 0.91) (end 0.602064 0.91) (layer B.SilkS) (width 0.12))
    (fp_line (start -0.602064 -0.91) (end 0.602064 -0.91) (layer B.SilkS) (width 0.12))
    (fp_line (start -2.45 -1.12) (end -2.45 1.12) (layer B.CrtYd) (width 0.05))
    (fp_line (start -2.45 1.12) (end 2.45 1.12) (layer B.CrtYd) (width 0.05))
    (fp_line (start 2.45 1.12) (end 2.45 -1.12) (layer B.CrtYd) (width 0.05))
    (fp_line (start 2.45 -1.12) (end -2.45 -1.12) (layer B.CrtYd) (width 0.05))
    (fp_text user %R (at 0 0) (layer B.Fab)
      (effects (font (size 0.8 0.8) (thickness 0.12)) (justify mirror))
    )
    (pad 1 smd roundrect (at -1.4875 0) (size 1.425 1.75) (layers B.Cu B.Paste B.Mask) (roundrect_rratio 0.175439)
      (net 11 /Vin))
    (pad 2 smd roundrect (at 1.4875 0) (size 1.425 1.75) (layers B.Cu B.Paste B.Mask) (roundrect_rratio 0.175439)
      (net 1 GND))
    (model ${KISYS3DMOD}/Capacitor_SMD.3dshapes/C_1206_3216Metric.wrl
      (at (xyz 0 0 0))
      (scale (xyz 1 1 1))
      (rotate (xyz 0 0 0))
    )
  )

  (module Capacitor_SMD:C_1206_3216Metric_Pad1.42x1.75mm_HandSolder (layer B.Cu) (tedit 5B301BBE) (tstamp 5C483C22)
    (at 113.8175 79.391)
    (descr "Capacitor SMD 1206 (3216 Metric), square (rectangular) end terminal, IPC_7351 nominal with elongated pad for handsoldering. (Body size source: http://www.tortai-tech.com/upload/download/2011102023233369053.pdf), generated with kicad-footprint-generator")
    (tags "capacitor handsolder")
    (path /5C50887B)
    (attr smd)
    (fp_text reference C3 (at 0 1.82) (layer B.SilkS)
      (effects (font (size 1 1) (thickness 0.15)) (justify mirror))
    )
    (fp_text value .1uF (at 0 -1.82) (layer B.Fab)
      (effects (font (size 1 1) (thickness 0.15)) (justify mirror))
    )
    (fp_text user %R (at 0 0) (layer B.Fab)
      (effects (font (size 0.8 0.8) (thickness 0.12)) (justify mirror))
    )
    (fp_line (start 2.45 -1.12) (end -2.45 -1.12) (layer B.CrtYd) (width 0.05))
    (fp_line (start 2.45 1.12) (end 2.45 -1.12) (layer B.CrtYd) (width 0.05))
    (fp_line (start -2.45 1.12) (end 2.45 1.12) (layer B.CrtYd) (width 0.05))
    (fp_line (start -2.45 -1.12) (end -2.45 1.12) (layer B.CrtYd) (width 0.05))
    (fp_line (start -0.602064 -0.91) (end 0.602064 -0.91) (layer B.SilkS) (width 0.12))
    (fp_line (start -0.602064 0.91) (end 0.602064 0.91) (layer B.SilkS) (width 0.12))
    (fp_line (start 1.6 -0.8) (end -1.6 -0.8) (layer B.Fab) (width 0.1))
    (fp_line (start 1.6 0.8) (end 1.6 -0.8) (layer B.Fab) (width 0.1))
    (fp_line (start -1.6 0.8) (end 1.6 0.8) (layer B.Fab) (width 0.1))
    (fp_line (start -1.6 -0.8) (end -1.6 0.8) (layer B.Fab) (width 0.1))
    (pad 2 smd roundrect (at 1.4875 0) (size 1.425 1.75) (layers B.Cu B.Paste B.Mask) (roundrect_rratio 0.175439)
      (net 1 GND))
    (pad 1 smd roundrect (at -1.4875 0) (size 1.425 1.75) (layers B.Cu B.Paste B.Mask) (roundrect_rratio 0.175439)
      (net 11 /Vin))
    (model ${KISYS3DMOD}/Capacitor_SMD.3dshapes/C_1206_3216Metric.wrl
      (at (xyz 0 0 0))
      (scale (xyz 1 1 1))
      (rotate (xyz 0 0 0))
    )
  )

  (module Capacitor_SMD:C_1206_3216Metric_Pad1.42x1.75mm_HandSolder (layer B.Cu) (tedit 5B301BBE) (tstamp 5C483CF1)
    (at 119.9 83.582 180)
    (descr "Capacitor SMD 1206 (3216 Metric), square (rectangular) end terminal, IPC_7351 nominal with elongated pad for handsoldering. (Body size source: http://www.tortai-tech.com/upload/download/2011102023233369053.pdf), generated with kicad-footprint-generator")
    (tags "capacitor handsolder")
    (path /5C3A8858)
    (attr smd)
    (fp_text reference C5 (at 0 1.82 180) (layer B.SilkS)
      (effects (font (size 1 1) (thickness 0.15)) (justify mirror))
    )
    (fp_text value 10uF (at 0 -1.82 180) (layer B.Fab)
      (effects (font (size 1 1) (thickness 0.15)) (justify mirror))
    )
    (fp_text user %R (at 0 0 180) (layer B.Fab)
      (effects (font (size 0.8 0.8) (thickness 0.12)) (justify mirror))
    )
    (fp_line (start 2.45 -1.12) (end -2.45 -1.12) (layer B.CrtYd) (width 0.05))
    (fp_line (start 2.45 1.12) (end 2.45 -1.12) (layer B.CrtYd) (width 0.05))
    (fp_line (start -2.45 1.12) (end 2.45 1.12) (layer B.CrtYd) (width 0.05))
    (fp_line (start -2.45 -1.12) (end -2.45 1.12) (layer B.CrtYd) (width 0.05))
    (fp_line (start -0.602064 -0.91) (end 0.602064 -0.91) (layer B.SilkS) (width 0.12))
    (fp_line (start -0.602064 0.91) (end 0.602064 0.91) (layer B.SilkS) (width 0.12))
    (fp_line (start 1.6 -0.8) (end -1.6 -0.8) (layer B.Fab) (width 0.1))
    (fp_line (start 1.6 0.8) (end 1.6 -0.8) (layer B.Fab) (width 0.1))
    (fp_line (start -1.6 0.8) (end 1.6 0.8) (layer B.Fab) (width 0.1))
    (fp_line (start -1.6 -0.8) (end -1.6 0.8) (layer B.Fab) (width 0.1))
    (pad 2 smd roundrect (at 1.4875 0 180) (size 1.425 1.75) (layers B.Cu B.Paste B.Mask) (roundrect_rratio 0.175439)
      (net 1 GND))
    (pad 1 smd roundrect (at -1.4875 0 180) (size 1.425 1.75) (layers B.Cu B.Paste B.Mask) (roundrect_rratio 0.175439)
      (net 11 /Vin))
    (model ${KISYS3DMOD}/Capacitor_SMD.3dshapes/C_1206_3216Metric.wrl
      (at (xyz 0 0 0))
      (scale (xyz 1 1 1))
      (rotate (xyz 0 0 0))
    )
  )

  (module Capacitor_SMD:C_1206_3216Metric_Pad1.42x1.75mm_HandSolder (layer B.Cu) (tedit 5B301BBE) (tstamp 5C483B83)
    (at 125.492 83.582 180)
    (descr "Capacitor SMD 1206 (3216 Metric), square (rectangular) end terminal, IPC_7351 nominal with elongated pad for handsoldering. (Body size source: http://www.tortai-tech.com/upload/download/2011102023233369053.pdf), generated with kicad-footprint-generator")
    (tags "capacitor handsolder")
    (path /5C39E1C8)
    (attr smd)
    (fp_text reference C6 (at 0 1.82 180) (layer B.SilkS)
      (effects (font (size 1 1) (thickness 0.15)) (justify mirror))
    )
    (fp_text value 10uF (at 0 -1.82 180) (layer B.Fab)
      (effects (font (size 1 1) (thickness 0.15)) (justify mirror))
    )
    (fp_line (start -1.6 -0.8) (end -1.6 0.8) (layer B.Fab) (width 0.1))
    (fp_line (start -1.6 0.8) (end 1.6 0.8) (layer B.Fab) (width 0.1))
    (fp_line (start 1.6 0.8) (end 1.6 -0.8) (layer B.Fab) (width 0.1))
    (fp_line (start 1.6 -0.8) (end -1.6 -0.8) (layer B.Fab) (width 0.1))
    (fp_line (start -0.602064 0.91) (end 0.602064 0.91) (layer B.SilkS) (width 0.12))
    (fp_line (start -0.602064 -0.91) (end 0.602064 -0.91) (layer B.SilkS) (width 0.12))
    (fp_line (start -2.45 -1.12) (end -2.45 1.12) (layer B.CrtYd) (width 0.05))
    (fp_line (start -2.45 1.12) (end 2.45 1.12) (layer B.CrtYd) (width 0.05))
    (fp_line (start 2.45 1.12) (end 2.45 -1.12) (layer B.CrtYd) (width 0.05))
    (fp_line (start 2.45 -1.12) (end -2.45 -1.12) (layer B.CrtYd) (width 0.05))
    (fp_text user %R (at 0 0 180) (layer B.Fab)
      (effects (font (size 0.8 0.8) (thickness 0.12)) (justify mirror))
    )
    (pad 1 smd roundrect (at -1.4875 0 180) (size 1.425 1.75) (layers B.Cu B.Paste B.Mask) (roundrect_rratio 0.175439)
      (net 3 "Net-(C6-Pad1)"))
    (pad 2 smd roundrect (at 1.4875 0 180) (size 1.425 1.75) (layers B.Cu B.Paste B.Mask) (roundrect_rratio 0.175439)
      (net 1 GND))
    (model ${KISYS3DMOD}/Capacitor_SMD.3dshapes/C_1206_3216Metric.wrl
      (at (xyz 0 0 0))
      (scale (xyz 1 1 1))
      (rotate (xyz 0 0 0))
    )
  )

  (module Inductor_SMD:L_1812_4532Metric_Pad1.30x3.40mm_HandSolder (layer F.Cu) (tedit 5B301BBE) (tstamp 5C483D51)
    (at 125.873 83.582)
    (descr "Capacitor SMD 1812 (4532 Metric), square (rectangular) end terminal, IPC_7351 nominal with elongated pad for handsoldering. (Body size source: https://www.nikhef.nl/pub/departments/mt/projects/detectorR_D/dtddice/ERJ2G.pdf), generated with kicad-footprint-generator")
    (tags "inductor handsolder")
    (path /5C39E447)
    (attr smd)
    (fp_text reference L1 (at 0 -2.65) (layer F.SilkS)
      (effects (font (size 1 1) (thickness 0.15)))
    )
    (fp_text value 4.7uH (at 0 2.65) (layer F.Fab)
      (effects (font (size 1 1) (thickness 0.15)))
    )
    (fp_line (start -2.25 1.6) (end -2.25 -1.6) (layer F.Fab) (width 0.1))
    (fp_line (start -2.25 -1.6) (end 2.25 -1.6) (layer F.Fab) (width 0.1))
    (fp_line (start 2.25 -1.6) (end 2.25 1.6) (layer F.Fab) (width 0.1))
    (fp_line (start 2.25 1.6) (end -2.25 1.6) (layer F.Fab) (width 0.1))
    (fp_line (start -1.386252 -1.71) (end 1.386252 -1.71) (layer F.SilkS) (width 0.12))
    (fp_line (start -1.386252 1.71) (end 1.386252 1.71) (layer F.SilkS) (width 0.12))
    (fp_line (start -3.12 1.95) (end -3.12 -1.95) (layer F.CrtYd) (width 0.05))
    (fp_line (start -3.12 -1.95) (end 3.12 -1.95) (layer F.CrtYd) (width 0.05))
    (fp_line (start 3.12 -1.95) (end 3.12 1.95) (layer F.CrtYd) (width 0.05))
    (fp_line (start 3.12 1.95) (end -3.12 1.95) (layer F.CrtYd) (width 0.05))
    (fp_text user %R (at 0 0) (layer F.Fab)
      (effects (font (size 1 1) (thickness 0.15)))
    )
    (pad 1 smd roundrect (at -2.225 0) (size 1.3 3.4) (layers F.Cu F.Paste F.Mask) (roundrect_rratio 0.192308)
      (net 2 "Net-(L1-Pad1)"))
    (pad 2 smd roundrect (at 2.225 0) (size 1.3 3.4) (layers F.Cu F.Paste F.Mask) (roundrect_rratio 0.192308)
      (net 3 "Net-(C6-Pad1)"))
    (model ${KISYS3DMOD}/Inductor_SMD.3dshapes/L_1812_4532Metric.wrl
      (at (xyz 0 0 0))
      (scale (xyz 1 1 1))
      (rotate (xyz 0 0 0))
    )
  )

  (module Resistor_SMD:R_1206_3216Metric_Pad1.42x1.75mm_HandSolder (layer B.Cu) (tedit 5B301BBD) (tstamp 5C483DE1)
    (at 125.365 92.853 180)
    (descr "Resistor SMD 1206 (3216 Metric), square (rectangular) end terminal, IPC_7351 nominal with elongated pad for handsoldering. (Body size source: http://www.tortai-tech.com/upload/download/2011102023233369053.pdf), generated with kicad-footprint-generator")
    (tags "resistor handsolder")
    (path /5C392D8B)
    (attr smd)
    (fp_text reference R9 (at 0 1.82 180) (layer B.SilkS)
      (effects (font (size 1 1) (thickness 0.15)) (justify mirror))
    )
    (fp_text value 0.200 (at 0 -1.82 180) (layer B.Fab)
      (effects (font (size 1 1) (thickness 0.15)) (justify mirror))
    )
    (fp_text user %R (at 0 0 180) (layer B.Fab)
      (effects (font (size 0.8 0.8) (thickness 0.12)) (justify mirror))
    )
    (fp_line (start 2.45 -1.12) (end -2.45 -1.12) (layer B.CrtYd) (width 0.05))
    (fp_line (start 2.45 1.12) (end 2.45 -1.12) (layer B.CrtYd) (width 0.05))
    (fp_line (start -2.45 1.12) (end 2.45 1.12) (layer B.CrtYd) (width 0.05))
    (fp_line (start -2.45 -1.12) (end -2.45 1.12) (layer B.CrtYd) (width 0.05))
    (fp_line (start -0.602064 -0.91) (end 0.602064 -0.91) (layer B.SilkS) (width 0.12))
    (fp_line (start -0.602064 0.91) (end 0.602064 0.91) (layer B.SilkS) (width 0.12))
    (fp_line (start 1.6 -0.8) (end -1.6 -0.8) (layer B.Fab) (width 0.1))
    (fp_line (start 1.6 0.8) (end 1.6 -0.8) (layer B.Fab) (width 0.1))
    (fp_line (start -1.6 0.8) (end 1.6 0.8) (layer B.Fab) (width 0.1))
    (fp_line (start -1.6 -0.8) (end -1.6 0.8) (layer B.Fab) (width 0.1))
    (pad 2 smd roundrect (at 1.4875 0 180) (size 1.425 1.75) (layers B.Cu B.Paste B.Mask) (roundrect_rratio 0.175439)
      (net 1 GND))
    (pad 1 smd roundrect (at -1.4875 0 180) (size 1.425 1.75) (layers B.Cu B.Paste B.Mask) (roundrect_rratio 0.175439)
      (net 5 "Net-(J2-Pad2)"))
    (model ${KISYS3DMOD}/Resistor_SMD.3dshapes/R_1206_3216Metric.wrl
      (at (xyz 0 0 0))
      (scale (xyz 1 1 1))
      (rotate (xyz 0 0 0))
    )
  )

  (module Resistor_SMD:R_1206_3216Metric_Pad1.42x1.75mm_HandSolder (layer F.Cu) (tedit 5B301BBD) (tstamp 5C483E71)
    (at 125.2 80.28 180)
    (descr "Resistor SMD 1206 (3216 Metric), square (rectangular) end terminal, IPC_7351 nominal with elongated pad for handsoldering. (Body size source: http://www.tortai-tech.com/upload/download/2011102023233369053.pdf), generated with kicad-footprint-generator")
    (tags "resistor handsolder")
    (path /5C48EF6F)
    (attr smd)
    (fp_text reference R7 (at 0 -1.82 180) (layer F.SilkS)
      (effects (font (size 1 1) (thickness 0.15)))
    )
    (fp_text value 9k (at 0 1.82 180) (layer F.Fab)
      (effects (font (size 1 1) (thickness 0.15)))
    )
    (fp_line (start -1.6 0.8) (end -1.6 -0.8) (layer F.Fab) (width 0.1))
    (fp_line (start -1.6 -0.8) (end 1.6 -0.8) (layer F.Fab) (width 0.1))
    (fp_line (start 1.6 -0.8) (end 1.6 0.8) (layer F.Fab) (width 0.1))
    (fp_line (start 1.6 0.8) (end -1.6 0.8) (layer F.Fab) (width 0.1))
    (fp_line (start -0.602064 -0.91) (end 0.602064 -0.91) (layer F.SilkS) (width 0.12))
    (fp_line (start -0.602064 0.91) (end 0.602064 0.91) (layer F.SilkS) (width 0.12))
    (fp_line (start -2.45 1.12) (end -2.45 -1.12) (layer F.CrtYd) (width 0.05))
    (fp_line (start -2.45 -1.12) (end 2.45 -1.12) (layer F.CrtYd) (width 0.05))
    (fp_line (start 2.45 -1.12) (end 2.45 1.12) (layer F.CrtYd) (width 0.05))
    (fp_line (start 2.45 1.12) (end -2.45 1.12) (layer F.CrtYd) (width 0.05))
    (fp_text user %R (at 0 0 180) (layer F.Fab)
      (effects (font (size 0.8 0.8) (thickness 0.12)))
    )
    (pad 1 smd roundrect (at -1.4875 0 180) (size 1.425 1.75) (layers F.Cu F.Paste F.Mask) (roundrect_rratio 0.175439)
      (net 9 "Net-(R7-Pad1)"))
    (pad 2 smd roundrect (at 1.4875 0 180) (size 1.425 1.75) (layers F.Cu F.Paste F.Mask) (roundrect_rratio 0.175439)
      (net 12 /Vfb))
    (model ${KISYS3DMOD}/Resistor_SMD.3dshapes/R_1206_3216Metric.wrl
      (at (xyz 0 0 0))
      (scale (xyz 1 1 1))
      (rotate (xyz 0 0 0))
    )
  )

  (module Resistor_SMD:R_1206_3216Metric_Pad1.42x1.75mm_HandSolder (layer F.Cu) (tedit 5B301BBD) (tstamp 5C4839A0)
    (at 126.806147 64.2 90)
    (descr "Resistor SMD 1206 (3216 Metric), square (rectangular) end terminal, IPC_7351 nominal with elongated pad for handsoldering. (Body size source: http://www.tortai-tech.com/upload/download/2011102023233369053.pdf), generated with kicad-footprint-generator")
    (tags "resistor handsolder")
    (path /5C482FDC)
    (attr smd)
    (fp_text reference R6 (at 0 -1.82 90) (layer F.SilkS)
      (effects (font (size 1 1) (thickness 0.15)))
    )
    (fp_text value 20k (at 0 1.82 90) (layer F.Fab)
      (effects (font (size 1 1) (thickness 0.15)))
    )
    (fp_line (start -1.6 0.8) (end -1.6 -0.8) (layer F.Fab) (width 0.1))
    (fp_line (start -1.6 -0.8) (end 1.6 -0.8) (layer F.Fab) (width 0.1))
    (fp_line (start 1.6 -0.8) (end 1.6 0.8) (layer F.Fab) (width 0.1))
    (fp_line (start 1.6 0.8) (end -1.6 0.8) (layer F.Fab) (width 0.1))
    (fp_line (start -0.602064 -0.91) (end 0.602064 -0.91) (layer F.SilkS) (width 0.12))
    (fp_line (start -0.602064 0.91) (end 0.602064 0.91) (layer F.SilkS) (width 0.12))
    (fp_line (start -2.45 1.12) (end -2.45 -1.12) (layer F.CrtYd) (width 0.05))
    (fp_line (start -2.45 -1.12) (end 2.45 -1.12) (layer F.CrtYd) (width 0.05))
    (fp_line (start 2.45 -1.12) (end 2.45 1.12) (layer F.CrtYd) (width 0.05))
    (fp_line (start 2.45 1.12) (end -2.45 1.12) (layer F.CrtYd) (width 0.05))
    (fp_text user %R (at 0 -0.254 90) (layer F.Fab)
      (effects (font (size 0.8 0.8) (thickness 0.12)))
    )
    (pad 1 smd roundrect (at -1.4875 0 90) (size 1.425 1.75) (layers F.Cu F.Paste F.Mask) (roundrect_rratio 0.175439)
      (net 6 Vref))
    (pad 2 smd roundrect (at 1.4875 0 90) (size 1.425 1.75) (layers F.Cu F.Paste F.Mask) (roundrect_rratio 0.175439)
      (net 7 "Net-(R6-Pad2)"))
    (model ${KISYS3DMOD}/Resistor_SMD.3dshapes/R_1206_3216Metric.wrl
      (at (xyz 0 0 0))
      (scale (xyz 1 1 1))
      (rotate (xyz 0 0 0))
    )
  )

  (module Resistor_SMD:R_1206_3216Metric_Pad1.42x1.75mm_HandSolder (layer B.Cu) (tedit 5B301BBD) (tstamp 5C483DB1)
    (at 119.904 80.28 180)
    (descr "Resistor SMD 1206 (3216 Metric), square (rectangular) end terminal, IPC_7351 nominal with elongated pad for handsoldering. (Body size source: http://www.tortai-tech.com/upload/download/2011102023233369053.pdf), generated with kicad-footprint-generator")
    (tags "resistor handsolder")
    (path /5C546C52)
    (attr smd)
    (fp_text reference R5 (at 0 1.82 180) (layer B.SilkS)
      (effects (font (size 1 1) (thickness 0.15)) (justify mirror))
    )
    (fp_text value 10k (at 0 -1.82 180) (layer B.Fab)
      (effects (font (size 1 1) (thickness 0.15)) (justify mirror))
    )
    (fp_line (start -1.6 -0.8) (end -1.6 0.8) (layer B.Fab) (width 0.1))
    (fp_line (start -1.6 0.8) (end 1.6 0.8) (layer B.Fab) (width 0.1))
    (fp_line (start 1.6 0.8) (end 1.6 -0.8) (layer B.Fab) (width 0.1))
    (fp_line (start 1.6 -0.8) (end -1.6 -0.8) (layer B.Fab) (width 0.1))
    (fp_line (start -0.602064 0.91) (end 0.602064 0.91) (layer B.SilkS) (width 0.12))
    (fp_line (start -0.602064 -0.91) (end 0.602064 -0.91) (layer B.SilkS) (width 0.12))
